des_fabric,C-COMPLEMENTOS,J-JEANS,K-CIRCULAR,L-PIEL,O-POLIPIEL,P-PLANA,T-TRICOT
C-COMPLEMENTOS,7824,2458,2841,235,317,4757,2563
J-JEANS,2458,2460,1096,65,110,1043,835
K-CIRCULAR,2841,1096,2847,76,135,1232,469
L-PIEL,235,65,76,236,9,102,109
O-POLIPIEL,317,110,135,9,317,120,141
P-PLANA,4757,1043,1232,102,120,4771,1403
T-TRICOT,2563,835,469,109,141,1403,2568
